{
	"indices": {
		"Abkhaz": 0,
		"Adyghe": 1,
		"Afar": 2,
		"Afrikaans": 3,
		"Ainu": 4,
		"Gheg Albanian": 5,
		"Tosk Albanian": 6,
		"Aleut": 7,
		"Altai": 8,
		"Amharic": 9,
		"Arabic": 10,
		"Aramaic": 11,
		"Arbanaski": 12,
		"Armenian": 13,
		"Eastern Armenian": 14,
		"Assamese": 15,
		"Avar": 16,
		"Azeri": 17,
		"Balochi": 18,
		"Basaa": 19,
		"Bashkir": 20,
		"Basque": 21,
		"Belarusian": 22,
		"Bemba": 23,
		"Bengali": 24,
		"Bihari": 25,
		"Bole": 26,
		"Brahui": 27,
		"Brazilian": 28,
		"Breton": 29,
		"Bulgarian": 30,
		"Burmese": 31,
		"Burushaski": 32,
		"Buryat": 33,
		"Buyang": 34,
		"Catalan": 35,
		"Cebuano": 36,
		"Chechen": 37,
		"Cantonese": 38,
		"Mandarin": 39,
		"Chuvash": 40,
		"Comorian": 41,
		"Cornish": 42,
		"Croatian": 43,
		"Czech": 44,
		"Danish": 45,
		"Dargwa": 46,
		"Dhivehi": 47,
		"Digor Ossetic": 48,
		"Dizi": 49,
		"Douala": 50,
		"Dutch": 51,
		"English": 52,
		"Estonian": 53,
		"Even": 54,
		"Faroese": 55,
		"Finnish": 56,
		"Flemish": 57,
		"French": 58,
		"Frisian": 59,
		"Friulian": 60,
		"Fula": 61,
		"Galician": 62,
		"Gelao": 63,
		"Georgian": 64,
		"German": 65,
		"Greek": 66,
		"Eastern Greenlandic": 67,
		"Western Greenlandic": 68,
		"Gujarati": 69,
		"Romani": 70,
		"Hausa": 71,
		"Hebrew": 72,
		"Hindi": 73,
		"Hungarian": 74,
		"Icelandic": 75,
		"Igbo": 76,
		"Indonesian": 77,
		"Irish": 78,
		"Iron Ossetic": 79,
		"Ishkashimi": 80,
		"Istro-Romanian": 81,
		"Italian": 82,
		"Japanese": 83,
		"Javanese": 84,
		"Kabardian": 85,
		"Kabylian": 86,
		"Kalasha": 87,
		"Kalmyk": 88,
		"Kannada": 89,
		"Karelian": 90,
		"Kashmiri": 91,
		"Kazakh": 92,
		"Ket": 93,
		"Khanti": 94,
		"Khmer": 95,
		"Khowar": 96,
		"Kivalliq": 97,
		"Komi": 98,
		"Korean": 99,
		"Kurdish": 100,
		"Kurukh": 101,
		"Kyrgyz": 102,
		"Labrador Inuttut": 103,
		"Ladin": 104,
		"Lahnda": 105,
		"Lak": 106,
		"Lao": 107,
		"Latvian": 108,
		"Letzebuergesch": 109,
		"Lezgian": 110,
		"Lithuanian": 111,
		"Macedonian": 112,
		"Magahi": 113,
		"Malagasy": 114,
		"Malayalam": 115,
		"Maltese": 116,
		"Mansi": 117,
		"Maori": 118,
		"Marathi": 119,
		"Mari": 120,
		"Marwari": 121,
		"Mon": 122,
		"Mongolian": 123,
		"Nayi": 124,
		"Nenets": 125,
		"Nepali": 126,
		"Norwegian Bokmal": 127,
		"Norwegian Nynorsk": 128,
		"Oriya": 129,
		"Oromo": 130,
		"Oroqen": 131,
		"Pashto": 132,
		"Pennsylvania Dutch": 133,
		"Persian": 134,
		"Polish": 135,
		"Portuguese": 136,
		"Provencal": 137,
		"Punjabi": 138,
		"Romanian": 139,
		"Romansch": 140,
		"Russian": 141,
		"Sami": 142,
		"Samoan": 143,
		"Sardinian Logudorese": 144,
		"Sardinian Nuorese": 145,
		"Sariqoli": 146,
		"Schwyzerduetsch": 147,
		"Scots": 148,
		"Scottish Gaelic": 149,
		"Serbian": 150,
		"Shan": 151,
		"Sheko": 152,
		"Sindhi": 153,
		"Sinhalese": 154,
		"Slovak": 155,
		"Slovene": 156,
		"Somali": 157,
		"Spanish": 158,
		"Sranan": 159,
		"Swahili": 160,
		"Swedish": 161,
		"Tagalog": 162,
		"Tahitian": 163,
		"Tajik": 164,
		"Tamasheq": 165,
		"Tamil": 166,
		"Tashelhit": 167,
		"Tatar": 168,
		"Tausug": 169,
		"Telugu": 170,
		"Thai": 171,
		"Tibetan": 172,
		"Tigrigna": 173,
		"Tmazight": 174,
		"Tsakonian": 175,
		"Turkish": 176,
		"Turkmen": 177,
		"Tuvan": 178,
		"Ukrainian": 179,
		"Urdu": 180,
		"Uyghur": 181,
		"Uzbek": 182,
		"Veps": 183,
		"Vietnamese": 184,
		"Vlach": 185,
		"Wakhi": 186,
		"Walloon": 187,
		"Warji": 188,
		"Waziri": 189,
		"Welsh": 190,
		"Wolof": 191,
		"Yakut": 192,
		"Yiddish": 193,
		"Yoruba": 194,
		"Yupik": 195,
		"Zazaki": 196,
		"Zulu": 197
	},
	"map": [
			[0.0,71.0,94.5,93.2,100.0,100.0,100.0,89.8,89.7,90.9,100.0,100.0,100.0,91.6,88.4,95.3,94.9,87.9,93.2,85.7,89.7,84.2,85.8,90.0,97.6,94.7,89.9,96.4,96.9,97.0,86.5,97.8,96.9,96.9,96.2,93.2,94.3,86.2,92.9,93.9,92.2,75.9,97.0,88.8,88.1,96.4,78.3,93.8,82.6,96.4,85.7,93.7,96.4,89.9,87.8,96.4,94.1,93.7,100.0,96.4,90.5,97.9,96.9,100.0,89.8,97.3,100.0,91.6,94.3,88.5,100.0,92.7,100.0,100.0,92.1,100.0,93.8,90.6,89.1,77.9,90.6,87.3,100.0,91.2,91.7,65.3,97.6,90.2,95.3,93.1,94.1,96.1,89.7,91.6,93.9,95.2,86.8,100.0,96.7,96.8,89.2,92.3,89.7,94.3,93.2,96.9,87.6,95.2,91.0,96.4,86.0,90.5,88.1,96.9,96.3,100.0,100.0,98.1,94.9,93.8,100.0,93.8,93.8,92.2,100.0,100.0,93.3,96.4,96.4,97.9,93.9,90.6,83.9,97.3,97.6,88.7,96.9,92.3,100.0,91.3,88.4,88.8,94.7,94.6,94.4,100.0,82.8,93.7,96.4,89.1,91.2,100.0,93.1,90.6,96.9,88.8,85.7,96.9,100.0,96.4,86.9,93.7,94.3,93.4,96.3,97.6,100.0,87.6,86.0,96.9,96.7,96.9,97.8,90.9,88.4,91.6,87.9,87.9,94.0,88.8,100.0,85.1,88.4,94.2,92.4,90.1,89.0,100.0,100.0,83.9,97.5,93.2,95.0,98.1,90.0,94.3,92.2,88.6],
			[71.0,0.0,93.3,95.1,92.7,88.6,91.4,95.8,83.2,90.6,88.2,95.4,88.6,95.5,92.7,90.8,89.5,86.6,84.8,91.6,81.2,93.2,89.0,94.1,90.8,90.8,93.7,90.7,95.7,91.7,88.2,92.4,92.9,94.4,93.3,95.7,87.1,84.4,86.6,85.6,87.2,91.3,93.8,94.5,90.2,92.3,94.9,91.7,84.1,87.8,93.8,95.1,88.6,88.5,94.8,92.5,92.3,95.1,93.5,95.1,93.5,95.6,95.7,89.7,97.4,93.4,95.7,93.6,94.2,95.1,90.8,96.2,88.3,88.0,91.2,90.4,92.3,92.5,93.5,88.3,84.0,90.5,93.5,95.1,95.4,9.6,90.2,93.2,92.0,90.7,92.3,92.6,74.3,89.6,90.5,87.7,95.1,94.7,89.6,89.1,81.7,96.2,77.0,91.6,95.7,90.8,92.6,88.3,88.5,90.6,87.9,86.7,89.6,90.8,100.0,90.0,91.2,90.8,95.4,92.9,93.3,90.8,87.9,89.4,88.7,94.4,88.0,90.6,90.6,90.8,91.0,100.0,86.7,92.5,86.2,89.6,95.7,95.7,90.8,91.0,95.1,89.6,93.7,95.4,95.7,93.6,89.2,92.5,91.3,96.1,92.4,91.8,86.6,95.1,95.0,87.7,88.1,84.7,95.7,87.7,87.7,95.1,92.0,97.2,84.0,91.4,97.1,91.8,77.9,83.1,90.4,88.5,92.8,93.1,93.5,91.5,86.6,83.4,81.9,89.0,88.0,77.8,82.6,93.0,81.1,88.9,90.3,95.7,90.3,88.7,89.0,96.2,82.6,95.5,100.0,91.5,89.3,95.2],
			[94.5,93.3,0.0,88.6,94.8,89.5,89.5,94.3,89.5,82.8,88.9,89.5,89.5,95.4,95.4,91.7,88.6,91.7,78.5,100.0,86.0,93.5,95.0,86.1,91.7,90.7,79.4,92.7,93.5,90.2,94.4,84.9,85.6,86.9,82.2,93.5,91.4,95.0,88.0,90.4,95.4,100.0,87.8,94.4,97.2,88.6,96.9,88.4,89.0,86.4,84.4,88.6,90.2,89.5,91.6,89.0,84.8,88.6,93.5,92.3,93.5,89.5,93.5,92.2,93.8,91.7,83.4,95.0,89.5,92.6,91.7,81.2,90.7,77.8,92.2,86.9,88.9,91.2,91.1,88.4,81.9,86.7,93.5,90.0,88.9,93.3,87.8,90.9,88.4,87.3,92.2,86.4,87.7,85.1,92.2,95.5,90.7,85.8,92.6,80.7,86.1,79.6,89.5,92.8,93.5,84.3,89.5,87.0,94.0,92.3,88.9,89.4,91.7,88.0,85.2,88.6,88.9,95.0,73.8,88.0,94.8,88.9,87.7,87.7,82.9,94.4,88.0,89.0,89.0,88.0,64.1,97.4,95.4,92.3,88.9,95.0,93.5,93.5,76.2,87.5,93.5,94.4,86.5,82.1,90.6,90.6,86.0,89.3,90.2,89.1,94.4,92.6,85.1,87.0,89.3,94.4,94.4,59.6,93.5,95.1,100.0,88.6,82.7,89.5,87.0,88.9,85.9,81.6,89.5,89.5,94.6,89.8,79.3,86.4,74.7,95.5,91.7,91.7,88.2,94.4,80.6,91.8,89.5,84.5,86.1,87.5,90.6,93.5,84.9,95.7,87.3,92.3,92.6,95.6,81.1,88.3,87.4,89.6],
			[93.2,95.1,88.6,0.0,84.7,79.0,87.3,87.2,89.6,89.2,84.7,89.8,82.7,87.7,87.7,73.3,97.2,96.5,79.7,96.9,94.5,97.2,70.2,97.7,72.2,68.5,91.1,89.4,63.8,73.7,68.5,87.9,94.6,97.2,88.2,61.5,85.4,97.2,91.7,89.0,95.5,92.7,80.1,64.8,71.3,32.2,96.9,89.5,80.0,88.8,100.0,2.9,27.5,88.7,93.8,33.2,88.7,8.5,61.5,22.8,63.6,84.0,63.8,93.5,92.6,21.6,69.9,87.8,90.1,65.1,81.7,88.1,95.5,69.9,91.0,35.3,97.8,93.1,79.0,75.8,73.7,63.1,56.3,93.3,87.3,95.1,79.9,76.3,93.5,89.6,88.7,79.5,91.4,91.0,85.8,90.1,75.2,100.0,89.2,94.4,85.3,85.6,89.6,86.6,60.6,67.9,94.8,89.8,82.8,21.8,94.4,67.3,64.8,69.6,81.5,93.4,85.6,82.1,90.1,78.4,88.2,71.9,85.1,97.2,84.2,71.1,69.8,35.4,28.8,65.7,88.9,93.5,78.8,24.5,83.7,71.3,63.8,63.4,66.7,56.9,62.4,64.8,84.7,88.3,60.0,65.7,75.2,25.5,23.8,82.2,64.8,89.5,82.4,72.7,79.8,68.5,64.8,91.7,61.1,34.8,92.7,23.9,86.9,82.1,87.1,89.5,94.2,89.3,92.4,77.7,90.1,86.9,92.4,83.6,83.8,81.7,96.5,93.3,95.4,64.8,69.9,91.0,89.6,87.6,96.1,61.4,78.4,65.9,82.1,76.4,72.8,97.2,91.7,32.1,97.2,90.2,77.9,90.1],
			[100.0,92.7,94.8,84.7,0.0,83.0,82.4,92.5,94.4,88.1,91.7,90.4,83.0,88.0,88.0,85.5,88.9,95.0,90.7,82.3,91.7,85.6,87.1,82.2,91.0,87.9,94.8,84.1,93.6,92.9,87.1,89.5,87.7,90.0,83.3,93.6,84.7,95.1,88.9,94.4,97.2,88.5,92.9,87.1,87.1,87.4,96.9,97.8,88.6,91.7,88.2,86.7,87.7,89.3,94.5,89.4,86.5,86.7,92.9,84.7,90.7,87.7,93.6,87.8,90.7,89.0,85.7,88.0,84.5,89.9,88.3,98.1,97.2,88.9,86.5,89.4,91.7,92.8,81.5,85.3,81.5,90.3,85.3,93.3,87.7,94.4,87.0,83.5,91.7,86.3,86.5,90.9,94.4,100.0,85.2,77.0,91.4,80.9,88.6,79.8,91.5,92.3,94.4,85.3,95.4,84.1,89.5,86.7,90.9,86.4,94.4,85.6,87.1,84.5,81.8,83.3,87.7,82.8,86.3,91.1,93.1,86.8,82.3,91.7,94.8,89.6,89.6,85.0,83.0,91.7,90.2,97.2,90.9,86.4,84.0,89.9,93.6,95.6,86.1,85.3,97.8,87.1,94.4,92.5,86.9,90.4,88.1,83.5,90.5,88.0,87.1,88.9,86.2,88.7,90.4,87.1,87.1,95.3,88.6,89.8,87.0,88.0,86.8,86.1,84.0,88.5,80.2,93.5,94.4,84.8,89.1,88.9,94.7,93.2,97.2,93.8,95.0,95.0,92.2,87.1,86.4,94.1,94.4,83.7,88.9,90.8,91.5,93.0,90.9,88.0,88.3,85.5,91.7,85.9,91.7,88.9,85.5,86.1],
			[100.0,88.6,89.5,79.0,83.0,0.0,13.0,92.6,89.0,86.5,84.0,77.7,13.0,84.0,84.0,75.8,91.5,87.5,76.1,96.9,90.7,88.9,70.0,88.2,78.5,78.5,73.5,80.7,74.9,73.6,72.1,82.4,100.0,90.0,96.7,74.1,88.9,100.0,88.5,88.9,94.4,90.7,73.9,74.9,71.3,76.2,97.3,84.6,87.0,83.5,83.6,78.1,80.4,85.0,97.3,84.1,87.6,83.6,70.6,83.0,69.4,91.7,73.9,91.8,94.4,84.8,71.9,92.3,79.4,83.1,78.7,86.9,85.6,75.4,84.7,83.6,91.7,88.9,78.2,86.8,76.8,74.5,67.8,97.4,95.1,88.0,85.9,75.0,92.2,86.7,90.4,74.8,90.7,97.1,81.6,92.4,79.2,82.8,85.9,84.6,85.0,88.5,89.0,90.0,76.9,74.8,90.1,95.1,71.0,85.8,85.6,67.9,69.4,78.5,91.4,90.0,84.9,86.2,92.3,83.3,88.7,78.5,93.1,90.0,82.1,79.0,78.5,76.2,70.7,80.3,86.1,94.3,89.3,81.9,82.5,75.0,74.9,77.9,75.4,78.7,79.6,72.1,85.4,92.3,75.0,72.2,83.1,85.8,84.4,80.5,72.1,97.8,79.4,83.3,79.1,69.4,72.1,83.3,74.9,66.1,91.7,74.7,94.1,89.5,82.5,85.7,91.2,90.2,89.0,89.5,93.3,97.8,85.5,83.7,81.2,68.7,87.1,87.1,88.9,70.0,75.4,91.3,89.0,84.8,92.9,75.9,75.7,74.3,94.9,92.3,78.4,92.3,90.7,77.8,94.4,91.7,79.5,92.3],
			[100.0,91.4,89.5,87.3,82.4,13.0,0.0,92.6,86.2,86.5,86.7,76.7,14.8,82.1,82.1,75.8,88.7,85.4,71.7,93.8,88.6,89.5,67.2,91.2,78.5,75.7,73.5,87.4,69.4,70.8,69.4,78.7,100.0,87.2,92.8,71.3,88.9,100.0,91.2,94.4,91.2,90.7,71.1,72.1,72.2,74.7,97.3,89.3,82.7,76.3,83.6,86.4,78.9,84.6,93.7,81.4,90.4,86.4,66.5,81.5,69.4,88.7,68.3,90.7,94.4,81.9,70.9,86.5,70.9,80.3,75.9,86.0,82.8,72.6,79.1,82.0,94.4,88.9,72.6,82.5,76.8,71.6,63.7,89.6,95.1,90.8,83.6,67.3,85.9,90.0,89.9,69.3,88.6,93.9,84.4,92.4,75.5,78.7,85.9,87.3,79.5,92.3,86.9,83.9,74.1,74.8,90.1,91.9,63.4,84.3,88.4,65.2,66.6,75.7,88.6,90.0,84.9,89.0,90.4,80.6,87.8,75.7,93.1,79.9,82.1,84.6,75.7,74.7,72.8,80.3,82.9,95.0,83.7,79.1,77.0,72.2,69.4,75.1,75.4,75.9,76.9,69.4,88.3,92.3,75.9,73.1,81.8,84.3,82.9,76.1,69.4,91.7,79.4,80.6,78.2,69.4,69.4,79.0,66.6,74.4,91.8,76.9,94.1,90.4,77.0,88.4,94.1,90.2,86.9,92.3,93.3,94.6,87.6,86.5,83.2,63.1,85.0,85.0,88.9,67.2,72.6,89.1,86.9,87.6,95.7,73.1,72.9,70.2,98.0,86.7,72.9,86.5,90.7,78.6,97.2,88.7,73.9,87.7],
			[89.8,95.8,94.3,87.2,92.5,92.6,92.6,0.0,83.0,88.6,89.8,87.0,90.7,93.2,91.0,82.3,93.0,86.8,86.7,100.0,85.8,89.7,90.2,88.4,89.9,89.3,82.1,97.6,92.1,92.4,89.5,95.2,91.2,87.0,90.7,91.7,91.2,97.9,95.4,95.4,89.5,89.6,92.4,92.3,89.5,92.6,85.6,92.3,88.1,87.1,93.8,89.9,92.6,82.3,88.4,87.1,81.3,89.9,92.1,89.9,91.7,100.0,92.1,94.8,89.7,93.1,100.0,76.7,64.7,86.5,81.5,79.2,92.8,81.9,89.6,90.8,94.4,94.7,90.2,90.7,96.4,94.1,90.0,94.6,87.7,95.8,90.8,87.4,85.6,94.4,84.2,91.3,83.9,89.6,86.0,85.6,88.4,67.1,89.1,87.7,91.8,88.6,83.9,76.8,91.7,86.5,86.4,86.4,92.1,89.9,95.4,89.5,89.5,87.2,97.0,96.7,88.9,91.6,97.7,86.5,87.5,84.7,93.3,85.2,89.5,81.1,87.5,92.6,85.2,89.3,87.6,85.5,93.3,91.0,92.6,89.5,92.1,91.7,80.1,89.5,94.4,89.5,86.9,94.9,91.7,93.5,89.2,92.6,92.6,92.0,89.5,89.3,89.1,86.5,92.4,86.6,86.6,87.7,86.6,90.0,91.5,88.9,88.9,97.2,89.7,97.2,97.1,81.7,83.3,91.2,96.7,88.6,91.2,86.4,85.6,94.9,86.8,87.6,82.3,90.2,81.9,87.0,87.2,80.3,89.5,91.7,92.3,92.1,95.5,90.6,95.5,90.7,87.1,93.1,90.4,71.0,91.8,94.4],
			[89.7,83.2,89.5,89.6,94.4,89.0,86.2,83.0,0.0,89.9,97.2,97.2,89.0,91.3,88.5,84.1,85.7,25.0,84.0,90.6,26.8,98.3,92.4,93.2,81.2,84.6,91.3,85.4,90.7,87.7,89.0,80.5,89.0,81.7,89.1,93.5,85.4,93.9,87.1,90.2,49.7,94.8,81.8,91.8,89.0,91.8,83.2,87.6,86.8,92.9,90.6,89.6,86.8,76.5,84.7,93.2,73.7,89.6,91.8,88.3,91.8,87.4,93.5,96.3,84.2,91.6,86.3,90.3,84.5,88.1,85.0,86.0,94.4,83.3,84.0,91.1,88.1,95.5,77.7,92.1,88.3,87.3,89.0,97.5,95.7,88.0,95.2,90.9,75.3,81.5,79.3,87.9,18.3,91.9,83.3,92.6,77.9,85.5,88.2,88.0,88.0,80.8,15.8,86.5,93.5,84.0,85.3,95.4,85.6,95.5,83.4,90.7,89.0,84.0,83.4,83.3,97.2,86.1,98.2,83.3,81.2,81.8,93.1,75.2,90.6,84.6,84.0,90.8,89.5,84.0,92.7,89.7,92.3,92.7,81.5,88.5,90.7,90.5,76.8,91.8,96.3,89.0,85.4,92.1,96.3,90.7,89.5,93.3,86.8,75.4,89.0,92.7,92.6,81.2,72.9,89.0,89.0,88.9,91.4,81.7,92.8,89.5,92.3,95.3,85.1,97.2,83.3,93.4,20.8,83.2,90.0,88.3,81.7,91.7,93.1,85.9,27.4,24.0,22.5,89.6,83.3,9.0,15.8,74.4,86.8,85.3,90.2,97.2,86.0,93.4,85.9,92.3,33.4,91.9,94.4,84.0,91.4,87.2],
			[90.9,90.6,82.8,89.2,88.1,86.5,86.5,88.6,89.9,0.0,56.3,57.1,83.7,86.1,86.1,86.7,91.9,87.8,81.5,100.0,85.1,90.0,84.0,85.3,91.9,90.1,73.3,82.3,86.2,87.2,83.8,88.6,82.4,94.4,94.4,83.2,93.5,84.4,85.0,89.6,100.0,100.0,85.6,83.8,86.6,89.9,94.0,100.0,89.0,82.9,88.1,89.2,82.0,89.8,94.8,87.4,89.8,89.2,85.9,83.4,88.9,82.0,86.2,93.1,92.6,89.5,89.2,89.2,82.4,87.3,92.6,80.5,65.0,74.8,84.3,91.0,89.8,91.7,91.7,88.1,93.3,85.3,89.2,90.0,91.5,87.5,71.5,88.8,95.4,90.0,89.8,94.8,88.1,97.9,89.0,91.2,84.0,89.7,88.6,73.7,86.5,84.6,89.9,89.2,80.8,92.6,81.1,92.6,85.4,82.1,86.3,80.2,83.8,87.3,89.8,87.7,57.8,86.6,91.7,90.1,92.0,89.2,92.4,87.7,79.3,84.1,82.5,85.6,88.0,91.9,79.7,94.2,90.9,90.1,85.3,84.3,86.2,80.0,86.1,83.3,83.2,83.8,91.5,94.8,81.5,87.3,94.4,87.1,82.0,92.3,83.8,93.3,75.9,92.6,94.7,84.7,83.8,84.5,86.2,88.3,94.3,89.9,86.0,94.8,83.3,75.2,91.2,75.6,84.0,91.7,85.5,93.6,93.1,35.7,78.2,92.6,87.4,87.4,88.6,83.8,78.0,89.9,87.0,85.1,95.4,85.8,94.4,80.7,92.4,90.9,89.0,89.3,85.2,93.2,97.2,86.0,86.3,88.9],
			[100.0,88.2,88.9,84.7,91.7,84.0,86.7,89.8,97.2,56.3,0.0,18.6,84.0,90.0,90.0,84.0,87.5,97.2,83.0,97.9,97.2,95.1,84.2,80.4,86.7,83.3,71.4,83.3,81.6,92.0,84.5,87.4,86.5,90.9,83.2,80.6,93.0,92.4,90.6,94.4,97.4,94.8,92.0,83.7,87.2,85.3,95.3,93.1,92.3,81.5,85.4,86.4,83.6,91.7,83.2,83.2,91.7,86.4,85.2,83.6,88.0,86.6,81.6,94.8,94.0,81.4,93.5,90.1,84.0,82.3,87.0,83.3,21.1,75.8,91.7,81.1,86.8,92.2,88.7,91.8,91.7,86.4,83.4,84.1,86.5,88.2,71.4,84.8,91.0,90.0,91.7,91.1,97.2,100.0,89.5,88.3,86.1,88.5,85.3,78.7,91.2,76.9,97.2,91.2,82.4,83.3,89.6,84.7,85.7,79.1,91.7,84.1,83.7,80.4,80.5,90.0,19.7,89.5,94.4,80.0,87.0,82.2,92.4,88.4,73.2,83.3,81.3,83.9,83.9,86.7,82.2,85.4,92.6,83.0,85.6,85.0,81.6,82.4,78.6,84.4,82.4,83.7,88.7,92.1,84.3,87.1,91.7,81.9,83.6,89.2,83.7,85.4,80.2,79.9,90.4,89.6,83.7,89.6,81.6,89.4,82.7,85.3,86.9,100.0,86.6,68.2,91.2,71.2,97.2,86.6,86.7,83.0,91.2,36.2,70.7,94.4,97.2,97.2,97.2,83.7,72.6,98.1,97.2,88.9,89.6,87.2,94.4,80.6,93.5,92.6,94.4,85.8,94.4,87.3,91.7,87.0,87.9,79.4],
			[100.0,95.4,89.5,89.8,90.4,77.7,76.7,87.0,97.2,57.1,18.6,0.0,77.7,88.1,88.1,78.8,91.4,97.2,79.3,97.9,97.2,95.1,88.0,79.8,81.6,78.2,76.1,83.6,76.5,85.5,85.5,89.6,89.0,87.7,80.8,78.4,89.3,94.4,91.4,92.4,94.0,94.8,85.5,85.5,88.3,83.6,100.0,100.0,90.1,74.0,82.3,91.5,81.9,89.4,82.7,81.6,92.6,91.5,78.7,80.9,84.3,87.3,76.5,92.8,92.0,86.1,88.6,84.6,80.7,79.0,80.9,84.1,26.0,71.2,88.9,82.8,87.0,90.8,87.0,89.7,89.4,82.5,79.7,82.4,84.1,95.4,70.6,81.9,84.4,93.3,89.4,85.4,97.2,100.0,93.2,95.1,80.0,77.4,81.4,80.0,86.9,80.1,97.2,84.7,80.1,78.2,91.7,88.6,84.9,81.6,90.9,82.2,85.5,75.2,83.5,88.9,21.7,93.2,93.2,74.7,80.9,77.0,92.9,85.4,71.6,81.5,76.5,80.9,83.6,81.6,76.7,83.9,89.8,84.4,81.3,85.7,76.5,80.1,74.0,80.7,80.1,85.5,90.4,92.3,79.3,83.0,88.0,81.5,81.9,85.3,85.5,91.2,79.1,75.0,88.3,88.3,85.5,87.3,76.5,91.5,78.9,86.4,83.4,98.1,82.2,69.3,90.2,69.0,97.2,83.1,90.0,88.4,88.6,37.6,71.3,88.9,97.2,97.2,97.2,85.5,68.3,100.0,97.2,89.8,88.1,83.4,88.0,75.6,93.6,89.8,89.8,88.8,97.2,91.0,94.4,83.7,83.7,80.2],
			[100.0,88.6,89.5,82.7,83.0,13.0,14.8,90.7,89.0,83.7,84.0,77.7,0.0,83.0,83.0,72.4,91.5,89.4,71.7,96.9,90.7,86.7,61.5,86.3,75.2,74.8,75.9,80.7,67.5,68.0,63.7,84.9,100.0,90.0,96.7,66.7,88.9,100.0,86.4,86.8,91.2,90.7,68.3,66.4,62.8,70.1,97.3,83.7,82.7,79.9,83.6,81.8,76.1,81.8,93.7,76.7,87.6,81.8,63.2,75.9,62.0,91.7,66.5,88.9,94.4,78.6,68.7,89.5,76.7,79.4,73.1,86.9,82.8,69.8,79.1,77.4,91.7,88.9,72.6,79.7,76.8,68.6,60.4,94.1,95.1,88.0,88.7,68.6,88.7,86.7,87.2,68.6,90.7,94.4,78.8,95.7,75.5,82.8,80.0,81.1,77.0,88.5,89.0,87.1,69.4,69.2,90.1,95.1,64.7,79.6,83.4,56.5,60.9,74.8,88.6,90.0,84.9,80.7,92.3,79.6,81.0,74.7,93.1,84.5,85.7,73.5,74.7,70.1,64.5,77.6,76.5,94.3,81.3,78.0,74.6,66.5,67.5,70.5,72.6,71.3,72.2,63.7,80.8,92.3,69.4,64.8,80.3,79.6,80.1,76.1,63.7,97.8,82.7,77.8,81.0,61.0,63.7,79.9,67.5,72.3,94.4,68.5,94.1,89.5,77.0,88.4,91.2,90.2,89.0,89.5,93.3,97.8,81.7,83.7,84.5,65.9,89.0,89.0,90.7,61.5,69.8,91.3,89.0,84.8,92.9,68.5,70.2,66.9,94.9,84.3,72.9,92.3,90.7,73.5,95.2,91.7,71.1,92.3],
			[91.6,95.5,95.4,87.7,88.0,84.0,82.1,93.2,91.3,86.1,90.0,88.1,83.0,0.0,5.0,76.0,84.8,91.1,78.1,97.5,91.3,83.8,78.9,93.1,77.4,72.2,82.7,85.5,84.3,76.1,77.4,85.4,89.8,90.5,94.5,84.3,95.4,94.4,92.6,95.4,95.2,96.9,76.1,76.7,76.7,83.3,95.0,79.4,78.6,88.5,92.2,87.7,82.9,95.4,90.3,84.5,93.5,87.7,84.3,82.1,78.8,89.3,81.5,95.2,91.7,85.0,81.9,93.7,90.0,75.9,77.8,80.2,90.0,78.0,91.1,87.4,94.4,85.8,80.1,74.6,77.4,80.5,78.8,88.7,90.7,95.5,84.6,82.4,84.0,90.7,95.4,78.7,91.3,89.7,95.4,93.5,80.2,85.0,90.6,94.4,75.6,100.0,91.3,91.0,84.3,74.5,92.2,89.1,76.7,88.9,89.5,76.7,76.1,71.7,88.6,93.3,90.0,95.4,90.4,73.2,92.9,78.4,97.2,87.7,90.4,86.1,75.6,82.4,85.8,80.2,94.1,93.5,81.6,86.1,81.4,76.7,84.3,84.3,80.1,81.5,81.5,76.7,94.4,97.2,83.4,83.4,80.6,86.7,85.7,80.5,76.7,87.3,91.1,74.3,77.8,75.7,76.4,94.4,82.2,94.4,94.4,81.1,88.3,87.2,81.4,93.3,91.2,88.2,91.3,92.6,90.7,89.1,86.2,89.2,85.1,84.3,90.0,91.9,90.0,78.9,78.0,91.8,91.3,95.4,94.4,84.3,78.6,87.3,81.9,82.5,81.8,96.3,93.1,84.4,95.0,87.3,75.6,90.9],
			[88.4,92.7,95.4,87.7,88.0,84.0,82.1,91.0,88.5,86.1,90.0,88.1,83.0,5.0,0.0,76.0,82.6,88.3,78.1,97.5,88.5,83.8,81.6,93.1,77.4,72.2,82.7,85.5,84.3,76.1,75.3,85.4,92.6,94.2,94.5,84.3,95.4,91.7,92.6,92.6,92.4,96.9,76.1,79.5,79.5,86.1,91.8,79.4,76.5,92.1,92.2,87.7,85.7,95.4,94.5,84.5,93.5,87.7,84.3,82.1,81.5,89.3,84.3,95.2,88.9,85.0,81.9,93.7,89.7,75.9,77.8,80.2,90.0,78.0,91.1,87.4,94.4,82.8,80.1,72.5,74.7,83.4,81.5,88.7,90.7,92.7,84.6,82.4,87.7,87.3,95.4,78.7,88.5,86.1,95.4,93.5,80.2,84.6,87.7,94.4,73.5,100.0,88.5,91.0,84.3,74.5,92.2,89.1,73.9,88.9,87.4,74.1,78.9,71.7,85.9,91.1,92.7,95.4,87.6,73.2,90.1,78.4,97.2,87.7,90.4,86.1,75.6,85.2,85.8,80.2,94.1,93.5,79.5,86.1,81.4,79.5,84.3,84.3,80.1,81.5,84.3,79.5,94.4,97.2,83.4,83.4,78.5,86.7,85.7,80.5,79.5,87.3,91.1,74.3,75.0,78.5,79.2,94.4,84.9,94.4,94.4,83.9,88.3,87.2,81.4,93.3,89.2,88.2,88.5,92.6,88.5,89.1,86.2,89.2,85.1,82.2,87.3,89.1,91.9,81.6,78.0,88.9,88.5,95.4,91.2,84.3,76.6,87.3,78.8,80.4,81.8,96.3,90.3,84.4,95.0,87.0,73.5,90.9],
			[95.3,90.8,91.7,73.3,85.5,75.8,75.8,82.3,84.1,86.7,84.0,78.8,72.4,76.0,76.0,0.0,91.8,85.8,53.5,93.8,89.0,92.6,75.4,89.2,12.3,29.6,82.9,92.2,67.2,69.5,66.8,95.3,95.2,87.4,86.7,63.5,86.3,98.3,94.0,92.8,97.2,91.3,68.9,72.3,72.3,71.5,93.8,59.2,68.2,84.9,97.6,73.3,67.4,79.1,84.4,76.5,79.1,73.3,59.8,71.9,62.5,83.3,64.4,85.7,83.4,76.1,76.0,88.9,88.0,34.1,33.9,88.9,87.7,27.1,85.0,77.1,86.1,85.6,55.8,63.6,59.6,63.6,57.0,90.0,88.4,86.6,83.9,54.6,83.4,88.7,73.6,42.9,84.2,85.0,63.8,97.2,66.2,84.8,72.1,87.7,60.9,96.3,84.1,87.3,63.5,29.1,95.5,95.5,76.1,73.7,97.2,65.2,71.7,22.8,84.6,91.3,85.2,66.1,92.3,30.7,75.6,18.8,94.4,87.4,84.0,67.9,22.3,69.4,64.4,15.7,84.8,85.2,65.7,73.2,54.1,69.5,67.2,66.2,24.4,57.0,66.2,69.5,75.9,97.2,62.9,63.2,63.9,75.7,72.3,58.7,69.5,92.8,87.2,42.4,46.5,71.8,69.0,90.1,65.0,68.9,89.5,69.6,85.7,90.1,60.7,84.9,89.4,86.2,84.5,82.6,96.7,95.5,89.5,84.3,81.8,69.7,88.6,89.9,82.5,72.3,25.0,86.5,84.1,77.9,100.0,60.5,71.8,66.4,82.4,67.5,69.5,86.7,87.8,77.9,88.9,80.7,56.0,86.7],
			[94.9,89.5,88.6,97.2,88.9,91.5,88.7,93.0,85.7,91.9,87.5,91.4,91.5,84.8,82.6,91.8,0.0,91.7,91.9,94.8,88.1,94.4,97.6,88.9,91.8,91.8,87.4,93.3,100.0,95.7,97.2,92.8,92.1,92.0,96.7,100.0,100.0,81.6,97.2,94.8,93.7,96.9,93.3,95.5,97.2,100.0,78.1,96.7,98.1,83.0,85.1,97.2,95.9,84.3,91.8,98.3,86.5,97.2,100.0,97.2,97.6,94.4,100.0,94.1,84.7,97.2,94.9,98.3,92.7,91.8,91.8,90.2,94.4,89.0,85.8,98.3,93.2,98.1,97.2,92.6,95.3,97.1,100.0,95.2,98.2,89.5,92.6,94.2,88.8,73.2,92.0,91.4,82.3,86.6,89.8,93.2,95.1,86.2,86.3,89.5,96.5,79.5,82.7,98.2,100.0,91.8,76.7,86.9,97.2,98.1,72.9,100.0,100.0,91.8,97.2,74.5,83.4,88.0,100.0,91.8,88.5,91.8,91.4,88.2,81.7,85.9,91.8,98.3,98.3,91.8,92.5,92.6,95.8,100.0,90.7,97.2,100.0,100.0,86.2,97.2,98.2,97.2,85.2,100.0,97.2,97.2,97.2,100.0,95.9,97.2,97.2,87.3,78.7,89.0,90.1,97.2,97.2,97.2,100.0,98.3,92.6,100.0,96.4,97.2,93.7,92.9,77.2,84.5,86.4,97.8,82.1,83.3,90.1,85.7,94.3,96.7,91.7,90.0,90.3,100.0,89.0,87.8,86.4,84.0,89.8,100.0,96.4,100.0,95.5,95.8,98.1,90.9,84.2,95.5,90.8,90.9,96.5,88.9],
			[87.9,86.6,91.7,96.5,95.0,87.5,85.4,86.8,25.0,87.8,97.2,97.2,89.4,91.1,88.3,85.8,91.7,0.0,77.8,94.5,30.9,94.3,90.6,91.8,85.8,89.1,86.6,91.2,87.1,79.9,87.7,81.4,93.4,88.8,85.8,92.1,86.3,94.8,85.3,88.4,48.2,94.8,81.2,90.5,90.0,95.5,90.1,86.5,97.2,92.9,91.4,96.5,92.0,78.7,86.9,95.1,75.9,96.5,90.3,95.1,90.3,87.1,92.1,96.3,88.2,95.5,90.3,95.1,87.7,90.8,85.7,95.4,94.4,83.2,86.8,93.0,85.4,98.1,71.1,97.0,89.8,86.4,88.1,97.5,89.3,89.7,100.0,90.3,87.1,85.1,81.5,89.1,24.4,95.2,88.9,94.4,82.8,86.3,91.2,90.8,83.2,89.9,21.8,89.8,92.1,87.2,84.4,95.4,88.4,98.2,87.2,89.9,87.7,88.6,83.6,90.7,97.2,91.7,98.2,84.8,86.4,83.3,98.1,83.7,90.6,84.6,85.0,93.3,91.4,87.2,89.7,94.6,92.5,96.0,83.2,89.5,87.1,86.9,77.0,90.9,94.9,87.7,87.6,89.4,94.9,89.9,92.8,95.5,92.0,70.8,87.7,96.0,96.7,81.4,78.0,90.0,87.7,88.9,88.1,90.3,95.5,92.7,91.7,98.2,79.5,97.2,89.8,96.4,20.5,89.1,90.7,91.9,82.9,89.1,96.4,91.9,3.2,7.2,42.6,88.4,83.2,21.6,17.2,76.6,88.9,84.4,93.6,95.4,91.7,92.9,77.7,81.4,36.2,98.2,92.5,87.0,85.7,87.8],
			[93.2,84.8,78.5,79.7,90.7,76.1,71.7,86.7,84.0,81.5,83.0,79.3,71.7,78.1,78.1,53.5,91.9,77.8,0.0,94.4,86.8,98.0,74.5,97.1,60.1,62.7,78.0,90.1,62.5,68.0,71.2,95.4,95.2,84.0,90.2,62.9,93.0,98.2,92.2,92.5,94.0,93.8,67.4,74.9,74.5,77.3,96.9,75.2,65.1,87.3,92.8,79.7,70.2,78.5,89.1,81.2,80.1,79.7,61.5,82.3,64.8,86.7,62.5,91.8,86.4,80.7,76.6,96.0,89.6,66.3,61.7,87.7,78.5,53.9,78.9,83.2,90.3,91.2,63.1,58.6,43.1,56.8,61.5,85.2,92.0,84.8,87.6,63.1,80.1,88.5,80.8,62.7,82.3,88.8,76.6,96.7,62.8,91.0,81.3,87.3,38.2,92.3,84.0,93.8,62.9,57.6,95.5,93.7,72.6,77.5,90.5,60.4,74.8,58.0,89.6,96.7,81.2,78.0,91.7,59.6,88.2,54.8,95.0,81.0,90.1,74.2,53.0,77.3,71.7,58.3,81.1,95.9,62.0,76.6,26.0,71.6,62.5,62.9,57.5,52.5,64.8,71.6,83.6,100.0,59.6,63.7,51.5,74.5,72.3,64.1,73.0,93.7,94.1,61.3,62.3,75.1,72.4,84.7,63.4,75.3,94.6,77.6,87.0,95.1,27.9,91.2,91.8,89.9,81.0,91.7,94.4,93.7,93.4,77.2,81.9,77.4,80.6,75.9,76.3,73.8,51.5,83.1,81.0,80.1,100.0,55.1,61.9,65.5,79.1,61.2,64.7,90.6,84.0,82.4,86.2,93.5,36.7,84.8],
			[85.7,91.6,100.0,96.9,82.3,96.9,93.8,100.0,90.6,100.0,97.9,97.9,96.9,97.5,97.5,93.8,94.8,94.5,94.4,0.0,94.5,88.4,94.2,73.1,93.8,92.7,93.1,96.4,96.9,90.6,94.2,87.5,100.0,93.8,96.2,96.9,93.8,95.8,100.0,100.0,100.0,64.8,93.8,94.2,94.2,96.9,94.7,93.8,93.8,96.7,63.3,93.0,96.9,91.2,86.9,96.9,91.2,93.0,96.9,97.9,96.9,87.5,96.9,96.7,93.8,93.0,97.9,94.8,91.7,90.4,90.1,93.6,96.1,96.9,90.8,96.9,75.8,100.0,91.0,91.3,97.4,92.8,96.9,97.4,96.9,91.6,91.6,95.3,94.4,97.4,88.1,97.4,91.4,94.4,87.5,88.9,98.1,97.2,87.5,89.6,97.5,97.2,91.4,94.4,96.9,93.8,95.2,100.0,92.9,97.9,94.2,95.0,94.2,96.9,91.6,96.2,100.0,87.5,100.0,93.8,87.5,93.8,85.4,93.8,95.8,93.8,93.8,96.9,96.9,93.8,90.6,91.9,97.3,95.2,93.3,94.2,96.9,96.9,96.9,93.2,96.9,94.2,93.8,100.0,92.2,92.2,90.0,95.2,97.9,91.0,94.2,94.8,97.4,87.5,90.6,94.2,94.2,96.9,96.9,88.4,69.9,94.2,96.9,95.5,93.3,97.9,97.8,100.0,91.4,93.8,94.1,97.5,100.0,97.9,97.0,96.9,97.6,94.5,93.8,94.2,96.9,94.2,91.4,91.2,95.0,93.2,91.7,94.4,87.6,97.3,87.5,88.5,93.8,95.7,79.8,94.8,97.5,76.0],
			[89.7,81.2,86.0,94.5,91.7,90.7,88.6,85.8,26.8,85.1,97.2,97.2,90.7,91.3,88.5,89.0,88.1,30.9,86.8,94.5,0.0,97.4,94.1,90.3,89.3,89.8,89.1,88.6,88.9,90.6,91.3,74.6,90.2,83.6,79.5,91.7,87.9,86.6,86.1,87.5,55.6,97.9,87.7,94.1,91.3,93.5,85.7,88.8,91.7,87.2,91.4,94.5,91.3,78.7,96.9,92.6,73.1,91.8,93.5,92.9,93.5,89.2,91.7,93.7,90.4,95.5,97.9,93.2,90.2,91.4,89.9,89.8,92.7,87.9,84.0,92.6,91.2,97.4,82.7,97.2,92.2,89.8,91.3,94.2,95.8,85.9,95.7,92.8,79.5,81.8,78.7,92.2,20.3,89.5,86.1,92.6,83.9,82.6,91.2,87.0,82.8,84.3,21.8,87.3,91.7,91.9,83.4,86.7,88.9,100.0,83.4,89.5,91.3,89.3,83.1,87.3,97.2,86.1,100.0,88.2,86.6,86.7,98.1,73.1,85.0,90.2,88.5,92.6,90.7,91.9,91.7,94.4,97.1,97.8,85.9,91.3,88.9,88.7,83.3,94.1,94.4,91.3,85.4,93.9,94.4,89.5,94.6,97.2,91.3,82.4,91.3,91.7,91.1,86.1,83.4,91.3,91.3,85.4,89.9,90.7,100.0,90.7,90.6,97.6,83.1,93.7,86.9,87.2,21.4,85.8,90.7,88.2,79.6,91.7,96.7,93.7,27.7,36.0,42.9,91.9,87.9,27.1,27.4,76.6,86.8,87.6,97.2,95.4,88.5,97.4,85.0,95.1,35.0,96.5,95.3,85.0,91.4,90.3],
			[84.2,93.2,93.5,97.2,85.6,88.9,89.5,89.7,98.3,90.0,95.1,95.1,86.7,83.8,83.8,92.6,94.4,94.3,98.0,88.4,97.4,0.0,85.3,83.5,95.6,95.1,85.1,93.3,97.8,89.5,84.9,80.6,100.0,96.4,93.3,95.9,92.6,83.3,91.7,94.6,95.7,92.7,89.5,87.7,87.7,94.4,90.6,97.2,89.9,85.0,82.5,94.8,95.3,91.9,88.1,95.1,91.0,94.8,93.1,94.4,89.9,97.1,97.8,94.1,95.9,86.5,92.4,85.7,84.0,92.3,95.6,81.4,95.1,95.1,82.5,95.3,90.0,92.1,87.8,89.9,92.9,91.8,92.9,89.1,95.3,92.6,87.7,88.3,98.2,84.4,88.9,91.4,100.0,100.0,93.9,84.8,95.1,97.4,86.6,86.4,95.1,92.3,100.0,87.3,97.8,89.5,78.2,97.9,87.8,94.4,94.8,92.9,85.6,92.9,97.2,84.6,97.9,86.6,95.0,95.1,87.9,97.8,91.7,94.2,87.8,96.4,97.8,94.4,91.7,97.8,92.4,95.0,89.9,87.0,97.8,90.4,97.8,95.3,95.1,92.9,97.8,87.7,90.7,98.1,97.8,95.9,84.7,86.5,95.3,91.5,87.7,97.8,83.5,84.0,100.0,84.9,84.9,89.8,97.8,97.2,92.2,89.3,97.2,92.3,97.8,87.5,86.5,85.7,97.4,89.7,87.5,100.0,89.9,92.9,91.0,93.2,94.3,95.4,100.0,87.7,95.1,100.0,100.0,92.6,95.3,92.3,84.0,95.9,95.0,89.9,89.0,92.3,100.0,84.2,95.4,87.3,89.5,97.2],
			[85.8,89.0,95.0,70.2,87.1,70.0,67.2,90.2,92.4,84.0,84.2,88.0,61.5,78.9,81.6,75.4,97.6,90.6,74.5,94.2,94.1,85.3,0.0,97.1,71.8,70.9,96.2,90.0,62.9,77.3,19.0,86.0,84.0,91.2,93.3,61.6,94.4,94.1,94.3,92.2,91.9,94.8,77.8,12.4,15.4,69.5,96.9,84.1,76.3,77.0,97.3,70.1,63.4,84.7,92.2,69.1,89.5,70.1,62.3,63.2,56.1,94.4,58.4,95.1,98.1,70.0,75.9,86.5,84.5,72.2,73.8,96.8,89.4,75.3,85.8,72.6,86.8,91.2,75.1,70.5,73.7,58.6,50.0,93.3,95.4,89.0,90.3,70.0,94.3,96.7,86.3,77.7,94.1,97.9,89.3,97.1,73.8,97.0,77.8,91.6,77.6,96.2,92.4,80.6,60.7,70.9,91.7,94.5,50.8,68.1,89.6,47.7,13.0,70.3,87.1,100.0,87.7,84.7,87.1,75.6,81.2,73.5,94.8,85.6,86.4,73.5,66.9,70.5,70.5,72.5,87.5,93.5,67.4,58.2,77.9,11.7,62.9,62.5,75.0,58.5,57.3,7.4,88.1,91.7,64.4,64.8,75.0,63.7,68.0,79.1,10.2,97.3,83.1,71.1,77.2,15.2,12.7,85.9,55.2,67.9,95.1,65.0,94.7,88.9,77.9,97.2,97.1,96.2,91.2,92.6,100.0,92.2,85.2,87.6,89.4,74.0,89.0,91.2,93.0,4.0,72.2,91.9,92.4,87.9,97.3,61.3,68.6,63.6,96.4,68.3,75.5,90.2,94.1,67.4,100.0,84.1,72.9,92.3],
			[90.0,94.1,86.1,97.7,82.2,88.2,91.2,88.4,93.2,85.3,80.4,79.8,86.3,93.1,93.1,89.2,88.9,91.8,97.1,73.1,90.3,83.5,97.1,0.0,95.1,95.1,73.2,89.5,94.9,94.1,97.1,91.2,90.9,97.1,83.3,94.9,88.9,91.3,92.2,97.1,96.8,65.3,90.2,97.1,97.1,97.1,100.0,92.0,97.1,88.7,63.3,97.7,97.7,87.5,90.0,97.1,85.6,97.7,97.1,97.1,94.1,88.2,94.9,89.6,92.4,94.8,94.1,96.1,89.2,90.2,90.4,83.5,88.2,89.2,87.4,97.1,78.4,94.8,94.0,94.4,100.0,92.7,97.1,92.6,92.2,94.1,83.5,91.7,95.1,86.0,85.6,94.8,91.2,90.9,90.5,88.9,92.2,84.4,89.9,74.8,100.0,84.7,89.3,94.8,94.9,89.2,91.2,92.3,96.9,94.8,90.3,96.9,97.1,92.2,89.9,85.8,81.6,90.5,97.1,92.2,86.7,92.2,84.3,97.1,84.9,94.4,95.1,94.1,94.1,95.1,79.3,92.1,94.5,97.7,94.0,97.1,94.9,96.9,89.2,90.2,94.9,97.1,88.2,92.2,90.0,93.0,90.3,97.7,97.7,94.0,97.1,98.0,93.1,89.2,95.1,94.1,97.1,88.2,94.0,97.7,56.0,97.1,90.2,89.9,87.1,83.2,87.5,89.1,91.4,83.0,77.5,92.8,90.6,83.5,86.4,98.2,91.8,95.2,97.1,97.1,89.2,95.9,93.2,84.6,84.5,93.1,81.2,96.9,91.7,97.7,94.1,85.3,91.2,94.8,87.3,90.2,100.0,51.2],
			[97.6,90.8,91.7,72.2,91.0,78.5,78.5,89.9,81.2,91.9,86.7,81.6,75.2,77.4,77.4,12.3,91.8,85.8,60.1,93.8,89.3,95.6,71.8,95.1,0.0,17.1,82.9,89.7,68.3,71.3,62.3,95.3,98.1,90.1,90.0,61.8,84.1,98.3,94.7,93.5,94.4,91.3,70.7,66.3,69.8,72.5,93.8,56.4,70.5,80.9,97.6,74.1,68.0,81.0,85.4,75.3,81.0,74.1,60.0,70.1,59.1,83.3,62.8,86.1,84.5,76.9,76.5,88.0,93.5,31.4,36.9,88.9,87.7,22.3,85.0,75.9,88.9,83.3,64.8,70.6,66.6,56.6,52.6,90.0,87.4,88.6,82.5,48.1,86.2,85.3,78.2,44.2,81.4,85.0,68.7,100.0,60.6,88.7,72.5,85.4,57.8,93.3,81.2,90.2,63.7,22.1,95.5,96.2,78.9,79.4,97.2,63.0,68.4,15.2,84.6,88.0,88.0,74.3,94.4,26.5,74.5,14.3,94.4,90.1,79.4,73.5,16.0,70.5,65.1,9.6,87.6,88.0,66.1,73.5,55.2,67.1,68.3,66.5,18.7,56.3,69.2,66.3,73.7,97.2,65.2,58.8,70.0,76.4,72.9,67.7,63.5,93.5,84.0,34.3,49.3,72.6,66.8,84.3,66.8,68.5,92.3,68.4,88.5,92.3,59.8,89.5,86.5,86.2,84.2,78.5,93.3,96.2,89.9,87.8,84.6,70.2,88.6,87.1,82.5,69.1,22.9,83.5,81.2,82.6,97.5,57.0,69.4,64.8,84.4,69.4,71.3,89.5,87.7,80.5,91.7,83.5,54.7,92.3],
			[94.7,90.8,90.7,68.5,87.9,78.5,75.7,89.3,84.6,90.1,83.3,78.2,74.8,72.2,72.2,29.6,91.8,89.1,62.7,92.7,89.8,95.1,70.9,95.1,17.1,0.0,84.1,85.3,66.5,73.1,63.1,95.3,97.2,85.5,91.3,60.0,82.8,98.3,92.7,91.5,91.9,96.9,75.0,66.0,70.6,69.6,90.6,54.0,66.5,79.0,97.8,69.2,65.0,80.1,84.0,72.6,83.3,69.2,57.2,67.1,58.1,85.2,60.9,91.2,85.6,70.9,73.3,86.1,90.7,26.6,38.9,89.8,81.7,21.6,80.5,73.8,90.0,84.3,66.7,68.1,70.3,54.4,52.0,85.4,84.8,90.8,82.5,48.8,84.4,86.1,77.3,43.9,84.8,91.3,77.3,95.3,58.3,88.7,74.7,87.3,63.7,88.6,84.6,87.9,60.9,18.0,93.6,94.6,75.2,73.8,95.3,64.0,68.2,9.3,85.0,86.7,84.6,80.1,92.6,24.8,74.7,18.5,94.4,84.6,77.1,79.0,17.6,67.5,63.1,22.8,87.5,86.2,66.8,69.3,63.0,67.9,66.5,63.7,22.1,54.8,66.5,66.0,79.6,97.2,65.2,57.5,71.5,74.2,69.9,70.1,63.2,94.6,81.4,31.8,52.7,71.1,66.5,85.6,63.7,67.2,94.4,66.3,87.7,92.3,63.0,88.4,81.9,84.7,87.6,75.4,94.1,94.6,88.7,88.0,83.1,67.4,89.1,90.5,89.9,68.8,24.4,84.2,84.6,83.6,100.0,54.8,68.5,63.0,86.2,70.5,73.1,92.3,88.6,77.2,89.6,84.1,60.6,95.0],
			[89.9,93.7,79.4,91.1,94.8,73.5,73.5,82.1,91.3,73.3,71.4,76.1,75.9,82.7,82.7,82.9,87.4,86.6,78.0,93.1,89.1,85.1,96.2,73.2,82.9,84.1,0.0,88.0,91.7,90.5,89.9,91.1,100.0,89.3,88.4,85.1,88.9,90.9,89.3,93.3,100.0,84.0,88.1,89.9,89.9,85.5,97.3,86.9,96.4,87.1,76.4,91.1,85.1,91.3,92.9,87.9,94.0,85.6,85.3,93.5,81.6,90.1,88.9,90.7,96.4,96.4,82.9,92.7,82.0,84.1,85.3,55.7,78.9,77.0,90.1,91.6,79.4,77.8,90.5,89.3,88.8,77.1,85.3,92.3,77.7,93.7,66.3,75.5,96.4,86.4,97.6,75.5,91.3,88.0,94.4,94.0,86.7,79.7,96.7,79.4,81.6,83.3,91.3,92.1,85.1,85.3,90.2,75.6,96.4,93.5,89.3,83.1,92.7,84.1,89.3,95.5,78.6,94.4,87.3,86.9,92.9,82.9,82.3,89.3,81.0,87.9,81.7,85.1,85.1,84.1,77.1,85.3,97.6,97.2,79.3,90.6,91.7,87.9,77.0,80.7,85.1,89.9,92.9,87.3,85.1,88.9,96.4,93.5,90.7,94.0,89.9,81.6,84.3,81.7,92.9,89.9,89.9,86.5,91.7,85.1,92.9,88.3,86.5,88.9,76.6,66.3,92.3,59.8,87.4,86.5,92.1,81.6,96.4,66.2,66.2,87.3,86.6,89.0,90.5,92.7,77.0,90.9,87.4,94.0,86.3,80.7,82.9,88.9,78.3,97.6,90.5,81.8,93.7,100.0,88.7,82.8,84.7,84.5],
			[96.4,90.7,92.7,89.4,84.1,80.7,87.4,97.6,85.4,82.3,83.3,83.6,80.7,85.5,85.5,92.2,93.3,91.2,90.1,96.4,88.6,93.3,90.0,89.5,89.7,85.3,88.0,0.0,96.7,78.5,90.8,86.7,79.0,94.5,100.0,96.7,93.3,94.1,84.1,79.4,88.6,95.9,82.6,84.1,84.1,90.0,97.3,86.1,96.7,93.7,89.3,90.5,82.7,93.3,100.0,94.5,87.8,90.5,94.1,93.8,84.1,84.7,90.0,97.3,94.1,95.7,88.3,87.4,93.3,91.7,92.7,90.1,90.1,92.5,96.7,90.6,90.8,86.5,97.4,90.3,90.5,84.9,84.8,87.2,89.5,90.0,97.2,94.5,94.4,67.8,91.1,92.2,88.2,95.3,90.7,85.6,95.3,92.6,88.1,78.5,93.1,73.1,88.2,92.9,96.7,85.8,91.2,90.1,94.4,97.8,92.2,92.6,88.3,89.7,86.7,65.2,76.5,88.6,93.3,94.8,96.7,85.0,89.5,91.1,96.3,96.0,92.2,90.0,91.2,88.9,87.3,97.4,93.6,95.2,93.1,84.1,96.7,96.7,85.8,92.6,90.0,84.1,96.7,100.0,96.7,94.1,94.7,95.7,93.8,100.0,84.1,93.4,96.5,91.5,85.0,80.8,87.4,90.1,86.7,86.1,87.1,91.2,93.2,93.3,90.8,97.4,73.6,100.0,88.2,93.3,67.2,93.4,91.9,81.7,100.0,94.1,91.2,90.8,87.3,87.4,92.5,87.3,88.2,90.0,90.7,92.6,85.7,96.7,90.1,96.6,85.2,94.1,81.9,97.8,90.0,96.7,93.1,91.1],
			[96.9,95.7,93.5,63.8,93.6,74.9,69.4,92.1,90.7,86.2,81.6,76.5,67.5,84.3,84.3,67.2,100.0,87.1,62.5,96.9,88.9,97.8,62.9,94.9,68.3,66.5,91.7,96.7,0.0,62.4,60.6,97.2,91.7,91.8,90.2,14.4,90.7,93.9,94.9,94.0,85.4,91.0,63.4,64.3,63.8,55.5,96.9,76.3,69.2,87.0,100.0,64.3,59.8,86.6,90.1,61.6,89.8,64.3,34.3,59.7,23.7,85.5,9.3,81.4,100.0,66.4,69.7,78.3,89.5,64.6,68.0,91.9,81.6,66.4,86.1,63.6,95.4,90.2,60.2,66.9,71.7,46.3,25.3,90.0,90.7,95.7,86.6,57.6,87.2,100.0,86.6,68.4,88.2,91.7,77.6,94.5,61.2,90.0,78.4,90.1,70.5,100.0,90.7,88.8,13.5,65.9,100.0,93.5,64.1,62.4,90.2,53.0,61.6,66.5,85.2,96.0,80.5,83.2,88.0,65.7,83.3,66.4,89.5,86.2,89.5,77.2,63.0,56.9,56.0,63.0,96.8,98.3,73.1,65.3,67.7,62.8,0.0,14.3,69.6,39.1,21.8,61.6,81.7,88.0,37.8,35.3,71.0,63.2,55.8,62.5,61.6,93.5,90.8,71.7,76.7,63.8,61.6,90.1,19.4,64.1,91.5,53.6,92.4,93.5,72.6,88.0,96.5,85.9,90.7,87.0,100.0,93.5,94.3,85.9,84.3,71.4,86.7,88.9,83.3,62.2,66.4,90.2,90.7,89.8,95.9,33.3,68.5,28.8,85.2,76.1,57.9,93.5,86.4,70.8,100.0,90.4,66.8,89.6],
			[97.0,91.7,90.2,73.7,92.9,73.6,70.8,92.4,87.7,87.2,92.0,85.5,68.0,76.1,76.1,69.5,95.7,79.9,68.0,90.6,90.6,89.5,77.3,94.1,71.3,73.1,90.5,78.5,62.4,0.0,77.3,89.5,93.3,93.9,94.4,62.4,84.4,93.0,94.0,97.2,90.5,91.0,13.2,77.3,77.3,67.1,100.0,74.5,74.3,92.9,94.8,74.6,69.0,91.2,74.9,74.4,94.4,74.6,62.4,75.2,59.7,79.9,62.4,92.2,89.3,82.3,63.9,85.6,94.4,80.6,60.3,91.7,87.4,69.2,89.5,75.1,88.9,69.4,63.9,74.3,78.5,63.2,59.7,94.1,79.1,91.7,94.1,78.4,89.1,85.6,88.5,74.7,84.4,90.0,85.9,94.5,66.6,100.0,85.3,97.8,75.2,95.4,85.1,94.1,65.2,63.4,98.2,97.2,74.5,78.6,95.4,68.0,77.3,73.1,83.7,96.7,90.7,88.6,91.7,69.9,84.4,65.5,95.4,88.8,96.4,84.6,67.3,68.5,68.5,69.4,88.2,97.3,80.9,81.9,72.4,80.0,62.4,67.1,72.4,61.5,65.2,77.3,91.4,94.4,62.9,57.3,79.6,79.4,72.1,69.2,77.3,97.2,96.7,71.5,70.9,74.5,77.3,92.4,64.3,73.6,86.8,69.3,85.9,87.3,74.2,97.2,97.1,96.2,83.5,83.4,94.4,97.2,89.6,85.3,93.3,69.1,82.7,82.2,84.0,77.3,69.2,84.1,82.2,94.4,97.2,62.2,70.3,67.6,80.4,80.9,24.8,94.4,87.0,83.3,94.4,94.8,71.8,90.0],
			[86.5,88.2,94.4,68.5,87.1,72.1,69.4,89.5,89.0,83.8,84.5,85.5,63.7,77.4,75.3,66.8,97.2,87.7,71.2,94.2,91.3,84.9,19.0,97.1,62.3,63.1,89.9,90.8,60.6,77.3,0.0,88.2,94.6,91.8,93.3,52.7,92.2,93.0,95.0,92.9,86.6,97.2,77.8,11.6,16.1,68.1,93.2,80.7,67.3,86.8,97.3,65.4,69.6,85.7,96.4,64.5,88.9,65.4,51.5,66.9,60.3,92.0,58.9,95.1,96.0,65.3,75.3,83.1,81.1,65.4,71.0,94.6,88.9,70.6,84.5,68.0,86.9,91.9,71.7,59.7,63.5,63.5,47.7,93.3,97.2,88.2,93.2,66.9,93.7,90.8,85.7,71.8,90.7,98.0,88.0,100.0,66.0,92.4,79.4,87.2,66.7,90.6,89.0,77.0,53.8,65.9,94.4,94.6,45.6,68.5,89.6,40.5,15.0,64.7,86.6,93.3,90.5,85.8,87.1,72.8,77.8,68.5,90.4,86.2,86.5,74.7,62.2,69.0,62.2,66.4,85.8,94.4,57.1,58.4,67.8,13.9,60.6,55.6,68.9,56.9,62.1,11.6,87.9,91.7,62.7,53.0,66.7,61.9,68.7,75.7,8.8,94.6,86.6,66.2,76.0,16.6,10.6,85.3,56.3,67.5,95.1,61.3,94.7,88.9,70.8,97.2,88.9,96.2,87.8,92.2,96.7,92.4,85.2,89.7,89.4,69.8,86.2,87.8,90.5,15.0,68.4,88.3,89.0,87.2,97.7,59.0,56.0,54.6,95.1,55.1,75.5,92.7,93.5,70.1,100.0,83.5,62.0,89.5],
			[97.8,92.4,84.9,87.9,89.5,82.4,78.7,95.2,80.5,88.6,87.4,89.6,84.9,85.4,85.4,95.3,92.8,81.4,95.4,87.5,74.6,80.6,86.0,91.2,95.3,95.3,91.1,86.7,97.2,89.5,88.2,0.0,94.4,83.3,81.6,97.2,90.6,95.3,71.8,82.7,90.7,97.8,92.3,88.2,85.3,90.1,93.1,95.3,97.9,93.8,90.6,88.8,85.7,85.2,93.8,89.5,84.4,88.8,97.2,86.8,94.4,86.2,97.2,100.0,92.0,90.8,84.2,89.3,82.1,95.3,97.2,75.9,90.7,95.0,90.0,89.5,87.1,84.2,97.2,97.9,100.0,98.0,97.2,78.4,91.2,92.4,86.5,97.9,87.3,83.3,87.2,97.1,77.6,82.7,87.9,91.7,98.0,95.9,85.5,87.2,97.2,84.6,78.4,86.8,97.2,94.4,90.0,69.7,85.0,91.0,92.8,93.3,88.2,95.3,78.4,86.7,93.0,90.0,88.5,92.5,92.8,95.3,87.9,81.5,88.0,100.0,95.3,87.9,86.6,97.2,84.9,94.6,97.2,86.3,97.2,86.0,97.2,97.2,92.3,98.1,95.0,86.0,91.7,85.7,90.7,93.5,100.0,88.0,86.7,97.2,88.2,68.9,94.2,97.2,89.6,83.3,86.2,87.8,97.2,86.7,94.6,86.4,88.5,87.7,94.4,88.0,88.2,86.2,81.2,85.7,83.8,75.4,57.2,88.4,92.3,91.2,81.4,78.6,84.3,86.0,95.0,80.5,78.4,81.6,82.3,98.1,95.4,97.2,90.6,97.2,89.5,79.8,76.7,87.7,94.4,85.9,100.0,83.3],
			[96.9,92.9,85.6,94.6,87.7,100.0,100.0,91.2,89.0,82.4,86.5,89.0,100.0,89.8,92.6,95.2,92.1,93.4,95.2,100.0,90.2,100.0,84.0,90.9,98.1,97.2,100.0,79.0,91.7,93.3,94.6,94.4,0.0,97.2,94.4,91.8,95.4,88.7,89.6,91.7,88.4,100.0,93.3,84.0,84.0,91.8,94.1,94.7,100.0,89.4,97.9,95.3,87.0,97.2,90.7,92.7,94.4,95.3,98.1,91.8,87.2,91.7,86.1,97.1,88.6,97.9,95.4,92.6,94.4,95.4,97.2,92.5,93.7,95.4,98.0,97.2,94.4,93.0,95.9,97.0,91.0,88.4,88.9,96.7,93.2,91.8,87.0,94.1,93.1,93.3,94.4,97.1,88.5,89.4,95.0,87.2,95.5,92.3,97.1,82.4,95.2,88.5,89.3,94.1,90.0,94.4,83.2,91.5,89.7,91.8,91.8,88.8,86.7,94.4,91.5,90.0,83.4,95.0,89.5,91.2,95.8,94.4,95.5,93.1,91.9,100.0,90.6,91.8,94.6,98.1,89.8,90.6,95.2,97.2,93.0,85.8,91.7,92.8,92.6,89.1,84.4,84.0,95.3,86.8,86.1,91.5,97.9,94.6,92.6,93.9,84.0,94.3,93.1,97.2,100.0,85.8,86.7,87.8,86.1,92.5,92.4,91.8,95.1,92.6,93.0,92.1,89.2,93.2,91.2,92.8,93.3,91.5,94.5,83.3,96.1,97.9,93.4,93.4,88.4,84.0,95.4,90.7,91.2,91.7,90.6,91.8,94.6,94.4,92.8,95.2,97.0,94.4,84.9,96.1,84.8,94.4,94.9,92.4],
			[96.9,94.4,86.9,97.2,90.0,90.0,87.2,87.0,81.7,94.4,90.9,87.7,90.0,90.5,94.2,87.4,92.0,88.8,84.0,93.8,83.6,96.4,91.2,97.1,90.1,85.5,89.3,94.5,91.8,93.9,91.8,83.3,97.2,0.0,87.4,91.8,92.0,89.5,95.4,96.6,80.8,96.9,93.9,93.9,91.8,98.1,88.2,84.4,85.5,97.2,100.0,97.2,93.1,82.7,79.8,96.4,83.2,97.2,91.8,97.2,91.8,95.4,91.8,91.8,87.1,97.2,79.0,93.1,88.2,87.4,86.2,95.4,93.5,81.9,88.3,92.3,87.0,97.7,89.2,87.7,93.7,87.7,88.0,94.5,95.1,94.4,94.2,84.8,25.3,97.3,77.8,86.0,80.5,95.2,92.9,94.2,83.2,89.8,90.2,92.8,89.4,93.7,80.5,83.7,91.8,84.9,90.5,92.9,86.4,94.4,92.5,92.0,94.6,82.7,82.9,94.0,90.9,85.5,93.3,79.4,92.6,84.3,95.1,23.9,91.3,77.8,81.6,95.4,94.9,92.3,89.0,81.2,97.2,97.2,92.1,91.8,91.8,91.8,84.6,86.2,93.9,91.8,90.8,95.1,92.1,92.7,89.1,97.2,93.1,87.8,91.8,90.7,94.0,84.6,86.7,91.8,91.8,86.7,86.2,95.4,90.3,98.1,87.8,85.8,92.1,86.2,97.7,93.0,83.8,89.3,96.7,92.9,88.0,90.9,82.1,87.2,86.0,88.8,81.9,91.2,81.9,80.6,84.2,82.6,93.3,89.0,95.1,95.1,96.9,91.7,93.5,87.4,85.3,98.1,87.5,83.4,92.1,93.2],
			[96.2,93.3,82.2,88.2,83.3,96.7,92.8,90.7,89.1,94.4,83.2,80.8,96.7,94.5,94.5,86.7,96.7,85.8,90.2,96.2,79.5,93.3,93.3,83.3,90.0,91.3,88.4,100.0,90.2,94.4,93.3,81.6,94.4,87.4,0.0,90.2,80.0,90.0,94.0,97.4,93.3,92.3,94.4,93.3,93.3,91.4,88.5,96.7,88.5,92.8,85.5,88.2,94.8,93.3,84.6,88.8,93.3,88.2,92.2,87.4,92.2,89.3,90.2,50.4,91.1,86.4,78.0,93.3,86.1,83.7,91.1,94.8,86.3,90.0,96.7,88.8,86.7,84.0,93.2,88.5,97.2,91.7,92.2,96.2,78.1,96.7,77.2,88.3,88.9,92.9,90.0,85.2,93.3,90.2,100.0,88.5,85.0,91.7,93.3,91.2,90.1,95.5,89.1,86.9,90.2,90.0,91.1,60.9,83.2,86.4,94.3,88.4,93.3,88.0,82.6,94.2,81.0,100.0,83.3,87.4,93.3,90.0,86.7,88.6,92.8,93.8,93.3,84.8,85.5,90.0,84.8,86.7,97.4,89.7,96.1,93.3,90.2,90.2,90.0,88.9,90.2,93.3,96.7,82.6,83.8,92.4,98.0,82.0,94.8,89.2,93.3,63.5,95.6,93.3,89.5,93.3,93.3,83.7,86.9,92.3,86.7,91.4,78.9,90.0,92.8,74.6,90.0,75.3,90.2,76.7,84.3,63.5,87.5,85.8,90.9,95.9,85.8,85.8,96.7,93.3,90.0,88.3,85.8,90.0,77.4,92.2,96.7,90.2,80.5,97.4,90.0,77.4,89.5,87.4,86.7,88.0,97.9,81.6],
			[93.2,95.7,93.5,61.5,93.6,74.1,71.3,91.7,93.5,83.2,80.6,78.4,66.7,84.3,84.3,63.5,100.0,92.1,62.9,96.9,91.7,95.9,61.6,94.9,61.8,60.0,85.1,96.7,14.4,62.4,52.7,97.2,91.8,91.8,90.2,0.0,88.5,93.9,94.9,91.9,91.0,93.1,65.4,60.3,62.2,54.9,93.3,71.7,62.6,83.4,100.0,61.3,56.5,85.7,90.1,58.2,88.9,61.3,21.1,59.5,20.4,85.5,10.6,84.3,100.0,64.5,69.0,75.6,89.5,60.9,64.3,91.4,84.4,62.7,83.3,61.7,95.4,90.2,57.5,63.4,66.7,43.1,23.1,90.0,90.7,95.7,80.5,60.0,87.2,100.0,85.7,65.6,91.0,94.8,73.9,94.5,60.8,90.0,79.4,90.7,63.8,100.0,93.5,88.8,15.7,62.2,100.0,90.7,64.6,59.5,89.2,50.0,60.3,62.8,85.2,96.0,83.3,79.5,93.5,64.8,79.3,62.7,95.0,86.2,85.9,79.0,56.5,56.4,52.7,59.3,96.8,95.3,64.3,63.4,65.0,61.3,14.4,18.6,65.9,44.4,21.3,60.3,76.4,88.0,37.3,29.6,65.9,60.2,58.3,59.7,57.5,90.7,84.0,68.0,74.8,62.2,58.3,92.9,25.5,66.5,93.4,53.1,89.7,90.7,69.9,88.6,96.5,86.8,93.5,84.8,100.0,90.7,93.3,82.9,82.7,66.5,91.7,91.7,86.1,60.9,62.7,93.1,93.5,88.9,95.9,38.7,58.3,21.1,85.2,67.3,58.1,91.4,89.2,69.0,100.0,90.4,65.7,89.6],
